3 0.75 0.91640625 0.08125 0.065625
1 0.68125 0.221875 0.03515625 0.04140625
2 0.75 0.26328125 0.071875 0.0484375
2 0.2859375 0.2609375 0.07734375 0.04921875
2 0.2859375 0.303125 0.08046875 0.046875
5 0.4390625 0.109375 0.06796875 0.0609375
5 0.5609375 0.09765625 0.06796875 0.05234375
5 0.4671875 0.18203125 0.07109375 0.0578125
5 0.528125 0.165625 0.06875 0.0546875
5 0.471875 0.21953125 0.0703125 0.06171875
5 0.5390625 0.23515625 0.07109375 0.05390625
0 0.55 0.2078125 0.071875 0.065625
0 0.61796875 0.21328125 0.07109375 0.078125