3 0.19453125 0.9234375 0.1015625 0.0796875
5 0.23203125 0.73515625 0.08125 0.0640625
5 0.128125 0.67890625 0.0828125 0.0640625
5 0.17109375 0.61796875 0.08125 0.0546875
5 0.2328125 0.6578125 0.0796875 0.0609375
5 0.05546875 0.565625 0.0703125 0.053125
5 0.0953125 0.4984375 0.0734375 0.0609375
5 0.1328125 0.5546875 0.09375 0.0703125
5 0.16484375 0.440625 0.071875 0.0578125
5 0.196875 0.4875 0.06875 0.0734375
1 0.2328125 0.47265625 0.0484375 0.040625
1 0.29375 0.49765625 0.0515625 0.0515625
1 0.32265625 0.63359375 0.0546875 0.05625
1 0.378125 0.65703125 0.053125 0.0390625
1 0.4515625 0.61015625 0.0578125 0.0515625
1 0.48984375 0.6328125 0.0546875 0.053125
1 0.4484375 0.69921875 0.0546875 0.0546875
1 0.5046875 0.7296875 0.040625 0.05
1 0.5015625 0.79609375 0.053125 0.0359375
1 0.5203125 0.825 0.0515625 0.0421875
1 0.5203125 0.8625 0.05625 0.0359375
1 0.54453125 0.8890625 0.059375 0.0453125
2 0.340625 0.265625 0.096875 0.0640625