0 0.41953125 0.20390625 0.0796875 0.0703125
2 0.084375 0.2609375 0.07109375 0.04375
2 0.0859375 0.3 0.07109375 0.04296875
5 0.22265625 0.34375 0.0734375 0.0515625
5 0.421875 0.34375 0.06640625 0.053125
5 0.5703125 0.4890625 0.071875 0.05078125
5 0.61875 0.546875 0.0765625 0.05390625
5 0.3578125 0.4546875 0.08046875 0.0546875
5 0.36640625 0.56484375 0.06953125 0.05703125
5 0.1734375 0.40078125 0.06796875 0.0453125
5 0.14296875 0.37890625 0.059375 0.0453125
5 0.42109375 0.50859375 0.06328125 0.05234375
5 0.4625 0.49453125 0.0609375 0.05078125
3 0.2765625 0.91640625 0.0890625 0.0671875