3 0.9046875 0.1703125 0.115625 0.1
5 0.81953125 0.3421875 0.0921875 0.0796875
5 0.90546875 0.4234375 0.09375 0.0796875
5 0.8484375 0.47109375 0.090625 0.0703125
5 0.7984375 0.41640625 0.090625 0.0765625
5 0.94609375 0.5515625 0.0796875 0.0671875
5 0.890625 0.60625 0.084375 0.075
5 0.86875 0.5421875 0.10625 0.090625
5 0.80859375 0.64375 0.0828125 0.0734375
5 0.78984375 0.590625 0.0828125 0.0859375
1 0.75078125 0.5953125 0.05625 0.05
1 0.6984375 0.55625 0.0609375 0.0609375
1 0.70625 0.4171875 0.0640625 0.065625
1 0.6578125 0.3796875 0.0609375 0.05
1 0.575 0.40625 0.0671875 0.0625
1 0.54453125 0.37421875 0.0640625 0.0625
1 0.60078125 0.3203125 0.0640625 0.0640625
1 0.5546875 0.2765625 0.05 0.0578125
1 0.57578125 0.21328125 0.059375 0.046875
1 0.5640625 0.18125 0.059375 0.0515625
1 0.57421875 0.14453125 0.0625 0.046875
1 0.5578125 0.1125 0.06875 0.05625
2 0.59375 0.76796875 0.1078125 0.084375