2 0.91484375 0.4609375 0.08125 0.0765625
2 0.8921875 0.4265625 0.08125 0.078125
5 0.771875 0.2234375 0.0890625 0.0875
5 0.79609375 0.28671875 0.103125 0.1015625
5 0.72734375 0.57734375 0.0953125 0.0921875
5 0.609375 0.61328125 0.08125 0.078125
5 0.584375 0.58125 0.08125 0.078125
5 0.425 0.73828125 0.090625 0.0890625
5 0.3265625 0.74296875 0.0984375 0.096875
5 0.24296875 0.7484375 0.10625 0.103125
5 0.18046875 0.6953125 0.096875 0.096875
5 0.78828125 0.4109375 0.0921875 0.0875
5 0.7734375 0.3859375 0.0953125 0.09375
5 0.74375 0.5 0.0875 0.084375
0 0.696875 0.71875 0.1078125 0.10625
1 0.66484375 0.5296875 0.0609375 0.0609375
1 0.60234375 0.4671875 0.0578125 0.059375
1 0.51484375 0.359375 0.059375 0.0609375
1 0.41796875 0.62109375 0.0671875 0.065625
1 0.378125 0.55 0.0484375 0.05
3 0.3078125 0.12265625 0.115625 0.1140625