5 0.33359375 0.81484375 0.096875 0.0921875
5 0.48671875 0.7546875 0.09375 0.0890625
5 0.584375 0.72734375 0.0953125 0.08125
5 0.68203125 0.69453125 0.0875 0.0796875
2 0.42421875 0.834375 0.08125 0.0734375
2 0.38125 0.7515625 0.078125 0.06875
2 0.33203125 0.675 0.0828125 0.0765625
2 0.2875 0.603125 0.0984375 0.0875
2 0.23671875 0.52578125 0.0875 0.0859375
1 0.4765625 0.6359375 0.05 0.0546875
1 0.52578125 0.67734375 0.0484375 0.0578125
1 0.63671875 0.66796875 0.04375 0.0515625
5 0.41171875 0.778125 0.0859375 0.0796875
3 0.63984375 0.109375 0.103125 0.090625