5 0.5421875 0.146875 0.0796875 0.071875
5 0.421875 0.2578125 0.0765625 0.06875
5 0.33984375 0.31875 0.0828125 0.0578125
5 0.26015625 0.38359375 0.0734375 0.0609375
2 0.45078125 0.1609375 0.0671875 0.0546875
2 0.52109375 0.221875 0.0671875 0.0515625
2 0.59375 0.2765625 0.0703125 0.0578125
2 0.6609375 0.32734375 0.084375 0.0640625
2 0.7359375 0.38203125 0.0703125 0.0671875
1 0.4734375 0.36484375 0.0375 0.04375
1 0.41171875 0.34375 0.034375 0.05
1 0.3125 0.3921875 0.03125 0.04375
5 0.4828125 0.20859375 0.071875 0.0609375
3 0.509375 0.91484375 0.0875 0.0671875