3 0.1875 0.91796875 0.1 0.078125
5 0.228125 0.73046875 0.0796875 0.0625
5 0.125 0.67265625 0.08125 0.0625
5 0.16875 0.6125 0.0796875 0.05234375
5 0.23046875 0.653125 0.07890625 0.059375
5 0.0546875 0.5578125 0.06875 0.0515625
5 0.0953125 0.49140625 0.07109375 0.059375
5 0.13203125 0.5484375 0.0921875 0.06953125
5 0.165625 0.43515625 0.0703125 0.05703125
5 0.196875 0.48203125 0.0671875 0.07265625
1 0.23359375 0.46796875 0.0484375 0.0390625
1 0.29375 0.49375 0.05078125 0.04921875
1 0.3203125 0.63046875 0.053125 0.0546875
1 0.37578125 0.6546875 0.05234375 0.03828125
1 0.45 0.609375 0.05703125 0.04921875
1 0.4875 0.6328125 0.05234375 0.0515625
1 0.4453125 0.6984375 0.053125 0.053125
1 0.50078125 0.7296875 0.0390625 0.05078125
1 0.49609375 0.79609375 0.053125 0.034375
1 0.51484375 0.825 0.0515625 0.040625
1 0.5140625 0.8625 0.05625 0.03359375
1 0.5375 0.88984375 0.06015625 0.04375
2 0.34453125 0.2625 0.0953125 0.06171875