3 0.11015625 0.7015625 0.0796875 0.0953125
0 0.8015625 0.49921875 0.0734375 0.0796875
0 0.8109375 0.565625 0.0734375 0.08125
0 0.82265625 0.628125 0.0734375 0.084375
0 0.834375 0.7015625 0.0734375 0.0921875
2 0.778125 0.7109375 0.053125 0.078125
2 0.740625 0.7171875 0.0546875 0.0703125
2 0.490625 0.50234375 0.0640625 0.0734375
2 0.4796875 0.565625 0.05625 0.075
2 0.41328125 0.5703125 0.05625 0.0796875
2 0.3921875 0.503125 0.0625 0.0859375
2 0.334375 0.5796875 0.06875 0.084375
2 0.32890625 0.69765625 0.0640625 0.0765625
2 0.28671875 0.67421875 0.059375 0.0796875