2 0.15703125 0.26328125 0.071875 0.03984375
2 0.15234375 0.30390625 0.06796875 0.0453125
5 0.1140625 0.5375 0.0703125 0.0546875
5 0.1359375 0.4734375 0.07734375 0.06640625
5 0.37578125 0.29453125 0.0765625 0.05703125
5 0.4890625 0.34296875 0.0703125 0.04453125
5 0.4875 0.38359375 0.06953125 0.04453125
5 0.71015625 0.365625 0.07265625 0.05703125
5 0.7890625 0.42578125 0.0796875 0.06015625
5 0.85625 0.475 0.0890625 0.059375
5 0.8703125 0.55546875 0.071875 0.065625
5 0.221875 0.3828125 0.0828125 0.04453125
5 0.2171875 0.41171875 0.07890625 0.05703125
5 0.31328125 0.34375 0.06796875 0.05234375
0 0.48984375 0.20625 0.08515625 0.0671875
1 0.39296875 0.37109375 0.04375 0.04296875
1 0.40078125 0.459375 0.0359375 0.046875
1 0.3984375 0.5984375 0.0390625 0.04609375
1 0.640625 0.46015625 0.04921875 0.04453125
1 0.62578125 0.53984375 0.0265625 0.04453125
3 0.4046875 0.9125 0.09140625 0.07109375