2 0.4828125 0.08359375 0.075 0.08125
2 0.44765625 0.1046875 0.078125 0.0828125
5 0.2375 0.2140625 0.0859375 0.0890625
5 0.30234375 0.19296875 0.1 0.1015625
5 0.5890625 0.27734375 0.090625 0.0953125
5 0.61875 0.396875 0.0765625 0.0828125
5 0.58515625 0.4203125 0.0765625 0.08125
5 0.73359375 0.58671875 0.0875 0.090625
5 0.73359375 0.6859375 0.0953125 0.1
5 0.734375 0.76953125 0.1015625 0.10625
5 0.67890625 0.82890625 0.0953125 0.096875
5 0.4265625 0.20703125 0.084375 0.0921875
5 0.4 0.22109375 0.0921875 0.096875
5 0.5125 0.25703125 0.084375 0.0875
0 0.728125 0.31484375 0.1046875 0.1078125
1 0.53828125 0.33671875 0.0609375 0.0609375
1 0.47265625 0.39609375 0.059375 0.05625
1 0.36015625 0.478125 0.0609375 0.059375
1 0.61640625 0.58828125 0.065625 0.065625
1 0.54375 0.62421875 0.0515625 0.046875
3 0.11328125 0.671875 0.1125 0.115625