3 0.1546875 0.76171875 0.115625 0.109375
5 0.4453125 0.52890625 0.0953125 0.0921875
5 0.49765625 0.44765625 0.1 0.0984375
5 0.578125 0.553125 0.0953125 0.0875
5 0.625 0.65546875 0.10625 0.103125
5 0.65625 0.55078125 0.0921875 0.0890625
5 0.8171875 0.540625 0.09375 0.0890625
5 0.78984375 0.571875 0.090625 0.084375
2 0.96328125 0.55859375 0.0734375 0.0890625
2 0.60234375 0.278125 0.0859375 0.0796875
2 0.578125 0.315625 0.0921875 0.0859375
0 0.846875 0.3921875 0.1078125 0.10625
0 0.909375 0.43203125 0.1046875 0.1046875