3 0.7421875 0.91953125 0.084375 0.06953125
5 0.415625 0.38359375 0.07421875 0.0578125
5 0.4859375 0.3421875 0.07890625 0.06171875
5 0.6828125 0.340625 0.06875 0.053125
5 0.68046875 0.384375 0.06953125 0.05
5 0.74765625 0.3390625 0.07734375 0.05546875
5 0.75 0.39375 0.06640625 0.0640625
2 0.34765625 0.2640625 0.10546875 0.04765625
2 0.359375 0.309375 0.13046875 0.03671875
2 0.81640625 0.2640625 0.07578125 0.05703125
0 0.61171875 0.21015625 0.08828125 0.06953125
0 0.68125 0.2125 0.08984375 0.08671875