5 0.5484375 0.14765625 0.078125 0.0703125
5 0.42578125 0.25625 0.075 0.0671875
5 0.34296875 0.315625 0.08046875 0.05546875
5 0.2625 0.3796875 0.07265625 0.05859375
2 0.45703125 0.16015625 0.06640625 0.05234375
2 0.52578125 0.22265625 0.06640625 0.04921875
2 0.59765625 0.278125 0.06796875 0.05546875
2 0.6640625 0.33046875 0.0828125 0.0625
2 0.73828125 0.3859375 0.06796875 0.06640625
1 0.47578125 0.3640625 0.0375 0.04296875
1 0.41484375 0.3421875 0.0328125 0.05078125
1 0.3140625 0.3890625 0.03046875 0.04375
5 0.48828125 0.20859375 0.0703125 0.05859375
3 0.50234375 0.91484375 0.0859375 0.065625