3 0.5921875 0.915625 0.08125 0.06640625
0 0.3546875 0.2078125 0.071875 0.07265625
0 0.42109375 0.20625 0.0734375 0.07265625
0 0.48828125 0.20703125 0.0734375 0.0734375
0 0.5546875 0.20703125 0.06953125 0.07109375
2 0.35234375 0.25859375 0.075 0.04609375
2 0.35546875 0.30078125 0.06796875 0.04765625
2 0.41953125 0.30234375 0.06171875 0.04921875
2 0.55546875 0.26171875 0.065625 0.04453125
2 0.5546875 0.3046875 0.07734375 0.04609375
5 0.42265625 0.34375 0.07890625 0.046875
5 0.41875 0.3859375 0.06875 0.04765625