5 0.5421875 0.6484375 0.0875 0.0703125
5 0.2921875 0.696875 0.1 0.0703125
5 0.30703125 0.38828125 0.0859375 0.0734375
5 0.221875 0.390625 0.084375 0.071875
5 0.23046875 0.32109375 0.0890625 0.078125
5 0.121875 0.3953125 0.0796875 0.078125
5 0.05 0.47890625 0.1 0.0765625
1 0.33984375 0.3375 0.06875 0.0609375
1 0.315625 0.2484375 0.05625 0.0578125
1 0.290625 0.21640625 0.059375 0.0671875
1 0.265625 0.1703125 0.0453125 0.065625
1 0.240625 0.10625 0.05 0.059375
2 0.61953125 0.7109375 0.0953125 0.06875
2 0.165625 0.8078125 0.1046875 0.0875
3 0.37265625 0.09921875 0.1265625 0.090625