0 0.21796875 0.50390625 0.10625 0.0921875
0 0.24375 0.56875 0.11875 0.1
0 0.4015625 0.6328125 0.1046875 0.090625
0 0.5078125 0.55234375 0.1046875 0.096875
3 0.50859375 0.9359375 0.128125 0.1046875
1 0.4140625 0.88125 0.078125 0.0765625
1 0.4875 0.82421875 0.0765625 0.0703125
1 0.4265625 0.7890625 0.09375 0.090625
1 0.42421875 0.72265625 0.059375 0.0515625
1 0.421875 0.69453125 0.0578125 0.0578125
2 0.37734375 0.26796875 0.0765625 0.0671875
2 0.26015625 0.5109375 0.0796875 0.078125
2 0.28125 0.553125 0.0671875 0.0671875
2 0.340625 0.58671875 0.08125 0.0859375
2 0.43515625 0.553125 0.090625 0.0875
5 0.36796875 0.30859375 0.075 0.0609375
5 0.35546875 0.34921875 0.084375 0.06875