3 0.84296875 0.84375 0.0953125 0.0828125
1 0.60859375 0.1859375 0.04375 0.0484375
2 0.68515625 0.21015625 0.08125 0.0640625
2 0.234375 0.31953125 0.0875 0.0671875
2 0.24453125 0.3609375 0.090625 0.065625
5 0.34609375 0.1359375 0.08125 0.075
5 0.46171875 0.09453125 0.0796875 0.06875
5 0.39140625 0.19921875 0.084375 0.0734375
5 0.44609375 0.16875 0.0796875 0.0703125
5 0.4046875 0.234375 0.0828125 0.078125
5 0.47421875 0.23359375 0.0828125 0.06875
0 0.478125 0.2046875 0.0859375 0.08125
0 0.5453125 0.19296875 0.0890625 0.09375