3 0.62734375 0.92109375 0.103125 0.0765625
1 0.38515625 0.84140625 0.06171875 0.04296875
1 0.371875 0.88046875 0.059375 0.040625
0 0.41484375 0.5453125 0.1046875 0.05859375
0 0.4375 0.459375 0.08125 0.0640625
0 0.4 0.2078125 0.08828125 0.0703125
0 0.4546875 0.221875 0.0828125 0.07109375
2 0.41015625 0.48984375 0.06796875 0.06015625
2 0.5296875 0.30234375 0.09453125 0.06328125
2 0.52421875 0.25703125 0.0796875 0.0625
2 0.46171875 0.26015625 0.06640625 0.05703125
5 0.4640625 0.34921875 0.07734375 0.0625