2 0.74453125 0.2640625 0.0796875 0.05
2 0.7515625 0.3046875 0.06796875 0.0546875
2 0.65859375 0.4734375 0.06953125 0.07265625
2 0.47109375 0.5640625 0.0625 0.059375
2 0.5875 0.6515625 0.0625 0.05703125
3 0.45234375 0.92421875 0.10703125 0.08671875
0 0.55 0.20859375 0.08671875 0.07734375
0 0.61640625 0.2015625 0.08984375 0.07265625
0 0.68125 0.20703125 0.0984375 0.0859375
0 0.7421875 0.20546875 0.09140625 0.09296875
1 0.628125 0.84140625 0.0515625 0.04609375
1 0.66484375 0.8640625 0.04609375 0.05
1 0.66328125 0.93359375 0.05546875 0.05234375