0 0.65234375 0.73671875 0.096875 0.109375
0 0.69453125 0.68046875 0.10625 0.121875
0 0.6640625 0.51328125 0.0953125 0.1078125
0 0.540625 0.465625 0.1015625 0.109375
3 0.865625 0.26171875 0.1109375 0.13125
1 0.86875 0.37109375 0.0796875 0.08125
1 0.78125 0.3390625 0.0734375 0.0796875
1 0.784375 0.409375 0.09375 0.096875
1 0.72890625 0.44609375 0.0546875 0.0609375
1 0.70625 0.46328125 0.0609375 0.059375
2 0.36796875 0.7265625 0.0703125 0.078125
2 0.63671875 0.696875 0.08125 0.0828125
2 0.6609375 0.65703125 0.0703125 0.06875
2 0.6578125 0.5890625 0.0890625 0.084375
2 0.5796875 0.5265625 0.090625 0.0953125
5 0.4078125 0.71328125 0.065625 0.0765625
5 0.4484375 0.70234375 0.0734375 0.0859375