2 0.35859375 0.259375 0.07890625 0.05859375
2 0.42109375 0.26171875 0.065625 0.0453125
2 0.4328125 0.3015625 0.08125 0.0515625
2 0.396875 0.62734375 0.071875 0.06328125
2 0.29765625 0.71328125 0.06796875 0.06484375
3 0.3296875 0.92109375 0.09296875 0.08203125
5 0.36015625 0.3328125 0.0703125 0.0515625
5 0.36640625 0.38203125 0.0875 0.059375
0 0.2875 0.4984375 0.096875 0.07578125
0 0.24140625 0.575 0.09375 0.07421875
0 0.4078125 0.5578125 0.090625 0.07578125
0 0.3359375 0.68359375 0.0921875 0.07734375