3 0.03671875 0.5015625 0.0734375 0.109375
1 0.4046875 0.39296875 0.0609375 0.06875
1 0.35703125 0.43125 0.05625 0.0578125
1 0.28671875 0.38046875 0.0609375 0.05625
1 0.271875 0.40390625 0.0609375 0.0625
1 0.24375 0.3828125 0.05625 0.0546875
1 0.228125 0.36640625 0.05625 0.05625
1 0.1296875 0.31171875 0.0734375 0.0734375
5 0.60234375 0.1421875 0.0921875 0.0953125
5 0.5453125 0.18125 0.096875 0.0953125
5 0.49765625 0.22734375 0.096875 0.096875
5 0.490625 0.29375 0.1078125 0.10625
5 0.509375 0.35625 0.084375 0.0953125
2 0.43125 0.60546875 0.084375 0.0953125
2 0.30390625 0.625 0.08125 0.0859375
2 0.253125 0.684375 0.0953125 0.10625
2 0.25234375 0.75390625 0.08125 0.0921875