5 0.52265625 0.921875 0.0890625 0.0765625
5 0.47421875 0.0921875 0.08125 0.059375
5 0.4859375 0.153125 0.0890625 0.0640625
5 0.5359375 0.21171875 0.090625 0.06875
5 0.62734375 0.296875 0.0828125 0.0671875
5 0.5421875 0.3484375 0.0703125 0.053125
5 0.5421875 0.390625 0.0734375 0.05
5 0.6109375 0.35078125 0.071875 0.053125
5 0.69375 0.3640625 0.0859375 0.0546875
5 0.8078125 0.37578125 0.0734375 0.059375
5 0.8765625 0.38046875 0.0671875 0.0515625
5 0.87109375 0.425 0.0734375 0.059375
5 0.74609375 0.40703125 0.075 0.0625
5 0.78828125 0.44765625 0.078125 0.0671875
1 0.696875 0.42109375 0.0453125 0.0515625