2 0.31875 0.26015625 0.0703125 0.0515625
2 0.77734375 0.26640625 0.0859375 0.05
3 0.67578125 0.9171875 0.09140625 0.06640625
5 0.38125 0.33984375 0.08046875 0.0609375
5 0.37578125 0.14609375 0.05234375 0.05
5 0.4125 0.2125 0.06015625 0.05546875
5 0.44765625 0.15703125 0.05234375 0.04921875
5 0.50703125 0.215625 0.065625 0.06171875
5 0.490625 0.26875 0.0625 0.06171875
5 0.57421875 0.26484375 0.07421875 0.07421875
5 0.55625 0.31953125 0.075 0.0578125
5 0.66015625 0.31875 0.0765625 0.06328125
5 0.64921875 0.34609375 0.0734375 0.0625