3 0.37421875 0.91484375 0.0953125 0.06640625
5 0.47265625 0.55546875 0.0765625 0.0578125
5 0.4671875 0.459375 0.0765625 0.065625
5 0.59453125 0.496875 0.08046875 0.05078125
5 0.69296875 0.55234375 0.08359375 0.06640625
5 0.65625 0.44921875 0.07265625 0.0578125
5 0.78046875 0.34609375 0.07578125 0.05546875
5 0.7765625 0.3875 0.07421875 0.05
2 0.91796875 0.26875 0.0796875 0.05234375
2 0.45234375 0.26015625 0.07265625 0.046875
2 0.4546875 0.3046875 0.0765625 0.0515625
0 0.7171875 0.20859375 0.08125 0.071875
0 0.79140625 0.2046875 0.07890625 0.07265625