3 0.0453125 0.3859375 0.090625 0.1125
1 0.43359375 0.37265625 0.0671875 0.0671875
1 0.37734375 0.3984375 0.059375 0.059375
1 0.321875 0.33203125 0.0609375 0.0609375
1 0.3015625 0.3515625 0.0640625 0.0640625
1 0.2796875 0.32421875 0.0578125 0.0578125
1 0.26875 0.3046875 0.0578125 0.0578125
1 0.18671875 0.228125 0.0765625 0.0765625
5 0.6859375 0.178125 0.096875 0.096875
5 0.62109375 0.2015625 0.1 0.1
5 0.5640625 0.234375 0.1 0.1
5 0.540625 0.29765625 0.1109375 0.1109375
5 0.54375 0.3625 0.0921875 0.09375
2 0.4078125 0.5859375 0.09375 0.09375
2 0.27890625 0.57421875 0.0875 0.0875
2 0.215625 0.61953125 0.1046875 0.10625
2 0.1984375 0.6859375 0.090625 0.090625