5 0.83203125 0.28828125 0.075 0.08125
1 0.25703125 0.26484375 0.0609375 0.059375
1 0.2625 0.23046875 0.0484375 0.046875
1 0.178125 0.23359375 0.04375 0.040625
1 0.240625 0.22109375 0.04375 0.0390625
1 0.203125 0.20546875 0.0421875 0.0359375
1 0.19453125 0.21640625 0.0515625 0.0453125
5 0.48203125 0.41640625 0.09375 0.1
5 0.44453125 0.50546875 0.0859375 0.0890625
5 0.3984375 0.46171875 0.0890625 0.0953125
5 0.378125 0.54296875 0.0828125 0.0875
5 0.29375 0.47734375 0.09375 0.096875
5 0.18984375 0.54765625 0.090625 0.09375
5 0.27734375 0.559375 0.090625 0.09375
5 0.2375 0.59453125 0.0765625 0.078125