3 0.54375 0.91796875 0.08984375 0.08515625
5 0.11875 0.5328125 0.075 0.06328125
5 0.14375 0.48046875 0.07578125 0.06875
5 0.21484375 0.41796875 0.06953125 0.07265625
5 0.2875 0.3609375 0.06015625 0.0625
5 0.3703125 0.29296875 0.07578125 0.06796875
2 0.721875 0.36484375 0.06796875 0.08359375
2 0.7984375 0.428125 0.06875 0.06796875
2 0.85390625 0.47421875 0.08203125 0.05703125
2 0.875 0.5375 0.07890625 0.0703125
1 0.43984375 0.40078125 0.04921875 0.04765625
1 0.4390625 0.4890625 0.0546875 0.0421875
1 0.5203125 0.53671875 0.05234375 0.05859375
1 0.54921875 0.59609375 0.0515625 0.05
1 0.4984375 0.6421875 0.0359375 0.0453125