3 0.37734375 0.91796875 0.0859375 0.0703125
1 0.71171875 0.81640625 0.0609375 0.04609375
1 0.67265625 0.74140625 0.05703125 0.0515625
1 0.55390625 0.6828125 0.0640625 0.05703125
1 0.4703125 0.6203125 0.04765625 0.0515625
1 0.453125 0.4953125 0.059375 0.05
1 0.54921875 0.5359375 0.04765625 0.04453125
1 0.62109375 0.53984375 0.06328125 0.04453125
2 0.3828125 0.26171875 0.0875 0.05546875
2 0.38671875 0.30390625 0.09921875 0.04296875
2 0.84921875 0.26328125 0.0828125 0.05078125
0 0.6421875 0.20546875 0.08515625 0.07265625
0 0.7265625 0.2078125 0.10703125 0.0703125
5 0.7890625 0.42578125 0.09609375 0.08359375
5 0.88125 0.53671875 0.07734375 0.059375
5 0.8328125 0.59375 0.07265625 0.0578125
5 0.76171875 0.62421875 0.06796875 0.059375
5 0.22734375 0.63203125 0.07890625 0.05546875
5 0.140625 0.58828125 0.0703125 0.05390625
5 0.11640625 0.53984375 0.0734375 0.04296875
5 0.153125 0.46015625 0.078125 0.06328125
5 0.2125 0.41640625 0.08828125 0.06875