3 0.065625 0.91484375 0.0859375 0.06328125
5 0.29375 0.88359375 0.0734375 0.0578125
5 0.37734375 0.703125 0.09375 0.07109375
5 0.27265625 0.34453125 0.06640625 0.04296875
5 0.33828125 0.34296875 0.07890625 0.04765625
5 0.2734375 0.38359375 0.075 0.04765625
5 0.70859375 0.4609375 0.0828125 0.065625
5 0.6046875 0.33984375 0.0640625 0.06171875
5 0.66953125 0.34375 0.06796875 0.04609375
5 0.7296875 0.34453125 0.07734375 0.0484375
5 0.67265625 0.38515625 0.06875 0.05703125
5 0.76796875 0.38203125 0.0859375 0.0546875