3 0.66796875 0.8734375 0.1296875 0.1234375
5 0.39140625 0.1375 0.0953125 0.090625
5 0.1796875 0.60703125 0.103125 0.096875
5 0.21484375 0.52578125 0.0921875 0.0875
5 0.25078125 0.46171875 0.0953125 0.0875
5 0.28828125 0.38515625 0.0984375 0.0875
5 0.325 0.32890625 0.09375 0.0828125
5 0.35 0.26015625 0.0875 0.0828125
5 0.38203125 0.20859375 0.096875 0.0875
1 0.290625 0.384375 0.04375 0.0515625
1 0.3140625 0.503125 0.0578125 0.0609375
1 0.38203125 0.49921875 0.0546875 0.0515625
1 0.3640625 0.3796875 0.0421875 0.046875