3 0.771875 0.84453125 0.1046875 0.0921875
0 0.44140625 0.2046875 0.0875 0.0828125
0 0.50546875 0.1828125 0.0890625 0.084375
0 0.5640625 0.159375 0.0921875 0.084375
0 0.63359375 0.1328125 0.0984375 0.084375
2 0.65390625 0.18671875 0.08125 0.0640625
2 0.6671875 0.22265625 0.075 0.0640625
2 0.50390625 0.50859375 0.0796875 0.0734375
2 0.56796875 0.50703125 0.0796875 0.0671875
2 0.58515625 0.571875 0.084375 0.0671875
2 0.5234375 0.60546875 0.090625 0.075
2 0.61015625 0.64765625 0.090625 0.0796875
2 0.7265625 0.63046875 0.0828125 0.075
2 0.71171875 0.6765625 0.0859375 0.0703125