5 0.646875 0.45234375 0.071875 0.0890625
5 0.70390625 0.70078125 0.0734375 0.1
5 0.3953125 0.696875 0.0765625 0.0875
5 0.40078125 0.78203125 0.075 0.0859375
5 0.33046875 0.77578125 0.0796875 0.090625
5 0.40859375 0.88203125 0.0796875 0.0828125
5 0.49453125 0.94921875 0.0796875 0.1015625
1 0.34375 0.66640625 0.0625 0.0703125
1 0.2546875 0.69296875 0.059375 0.05625
1 0.2234375 0.71953125 0.06875 0.0609375
1 0.17890625 0.7453125 0.0671875 0.046875
1 0.115625 0.7734375 0.0609375 0.0515625
2 0.70625 0.37265625 0.071875 0.096875
2 0.81953125 0.8234375 0.0875 0.10625
3 0.10390625 0.64140625 0.09375 0.128125