3 0.79765625 0.203125 0.121875 0.1234375
5 0.765625 0.77578125 0.0953125 0.096875
5 0.709375 0.7890625 0.1 0.1015625
5 0.615625 0.7734375 0.0984375 0.0984375
5 0.52578125 0.75234375 0.0859375 0.0859375
5 0.42109375 0.73125 0.1 0.1015625
2 0.25546875 0.4125 0.109375 0.10625
2 0.25625 0.31328125 0.096875 0.096875
2 0.25703125 0.24140625 0.0953125 0.0984375
2 0.29296875 0.18515625 0.103125 0.1046875
1 0.4609375 0.609375 0.0671875 0.06875
1 0.5296875 0.55390625 0.0671875 0.06875
1 0.515625 0.4609375 0.0796875 0.078125
1 0.54375 0.4015625 0.071875 0.071875
1 0.61171875 0.41171875 0.0578125 0.05625