3 0.63046875 0.91875 0.08671875 0.06484375
0 0.5515625 0.203125 0.0703125 0.06171875
0 0.61875 0.20546875 0.07109375 0.06171875
0 0.68203125 0.2046875 0.07421875 0.0609375
0 0.75625 0.20546875 0.0828125 0.06015625
2 0.75625 0.2625 0.071875 0.040625
2 0.75546875 0.30078125 0.0640625 0.04296875
2 0.50078125 0.509375 0.06640625 0.05234375
2 0.5609375 0.53125 0.06875 0.0453125
2 0.55390625 0.59765625 0.0734375 0.04296875
2 0.484375 0.60703125 0.07890625 0.05078125
2 0.55 0.67734375 0.07578125 0.05625
2 0.66484375 0.703125 0.06875 0.053125
2 0.634375 0.740625 0.0734375 0.04765625