3 0.071875 0.421875 0.0796875 0.0921875
1 0.2078125 0.74375 0.053125 0.065625
1 0.278125 0.696875 0.0578125 0.0609375
1 0.3234375 0.57265625 0.0625 0.0703125
1 0.37734375 0.4828125 0.05625 0.0515625
1 0.5 0.453125 0.05625 0.0640625
1 0.46953125 0.55234375 0.0484375 0.0515625
1 0.47265625 0.62421875 0.05 0.0671875
2 0.725 0.35859375 0.065625 0.0921875
2 0.6828125 0.3671875 0.0546875 0.1046875
2 0.771875 0.82265625 0.0578125 0.0875
0 0.8078125 0.6109375 0.0796875 0.0921875
0 0.8140625 0.69453125 0.08125 0.1125
5 0.60390625 0.7796875 0.09375 0.1046875
5 0.503125 0.8828125 0.0671875 0.084375
5 0.44140625 0.840625 0.065625 0.078125
5 0.40390625 0.7734375 0.065625 0.075
5 0.33984375 0.24296875 0.0640625 0.0828125
5 0.375 0.1515625 0.0609375 0.075
5 0.4203125 0.12265625 0.0515625 0.078125
5 0.503125 0.15078125 0.0703125 0.084375
5 0.553125 0.20546875 0.078125 0.09375