3 0.1109375 0.628125 0.115625 0.1265625
5 0.871875 0.4296875 0.0859375 0.0921875
5 0.4265625 0.16953125 0.0921875 0.0984375
5 0.50390625 0.21328125 0.0828125 0.0890625
5 0.5640625 0.25546875 0.08125 0.09375
5 0.63671875 0.3015625 0.0828125 0.096875
5 0.68828125 0.34375 0.078125 0.090625
5 0.75390625 0.3765625 0.078125 0.084375
5 0.80234375 0.41328125 0.0828125 0.09375
1 0.63671875 0.30390625 0.05 0.040625
1 0.51640625 0.31484375 0.0578125 0.0546875
1 0.51328125 0.3828125 0.0484375 0.0515625
1 0.63359375 0.37734375 0.0453125 0.0390625