2 0.6078125 0.78046875 0.08125 0.06875
2 0.16875 0.6484375 0.096875 0.071875
3 0.44609375 0.05078125 0.1046875 0.0875
5 0.5703125 0.68671875 0.0953125 0.08125
5 0.521875 0.87421875 0.065625 0.0625
5 0.5046875 0.80078125 0.071875 0.0703125
5 0.45546875 0.84375 0.065625 0.0625
5 0.41484375 0.77109375 0.0796875 0.078125
5 0.4453125 0.725 0.0765625 0.0765625
5 0.3640625 0.70546875 0.090625 0.0921875
5 0.39609375 0.6578125 0.0875 0.0765625
5 0.29609375 0.63046875 0.090625 0.08125
5 0.3140625 0.60703125 0.0875 0.0796875