3 0.734375 0.9171875 0.0859375 0.071875
1 0.45234375 0.63515625 0.05546875 0.0390625
1 0.509375 0.65859375 0.04453125 0.04140625
1 0.4984375 0.74453125 0.0359375 0.05078125
1 0.5265625 0.74609375 0.04609375 0.04453125
1 0.521875 0.78125 0.03828125 0.04375
1 0.51484375 0.80234375 0.04140625 0.0421875
1 0.51484375 0.91484375 0.0546875 0.05234375
5 0.1375 0.58359375 0.0734375 0.0640625
5 0.19921875 0.61484375 0.06875 0.07265625
5 0.2625 0.634375 0.0703125 0.071875
5 0.32421875 0.60859375 0.078125 0.0796875
5 0.36953125 0.56171875 0.0796875 0.0515625
2 0.62578125 0.50859375 0.0796875 0.053125
2 0.7046875 0.6109375 0.06953125 0.0546875
2 0.78125 0.6265625 0.0875 0.0609375
2 0.8421875 0.59375 0.07890625 0.05