5 0.56640625 0.9171875 0.0828125 0.06875
5 0.43203125 0.096875 0.0765625 0.0515625
5 0.45 0.15625 0.084375 0.05625
5 0.50546875 0.209375 0.08359375 0.0609375
5 0.60546875 0.284375 0.0765625 0.05859375
5 0.52578125 0.34453125 0.06640625 0.046875
5 0.53046875 0.38671875 0.06796875 0.04453125
5 0.59453125 0.33984375 0.0671875 0.04609375
5 0.678125 0.34453125 0.08203125 0.04765625
5 0.79296875 0.34453125 0.06796875 0.053125
5 0.86171875 0.34140625 0.06328125 0.0453125
5 0.8609375 0.38671875 0.06875 0.05234375
5 0.73515625 0.38203125 0.06796875 0.05625
5 0.78125 0.41796875 0.07265625 0.05859375
1 0.6875 0.40078125 0.03984375 0.046875