0 0.58125 0.20390625 0.08828125 0.0703125
3 0.61171875 0.9140625 0.0828125 0.071875
5 0.31953125 0.38125 0.06796875 0.05625
5 0.38671875 0.3453125 0.06484375 0.0546875
5 0.58671875 0.34140625 0.0671875 0.04140625
5 0.65390625 0.3421875 0.0734375 0.04453125
5 0.58828125 0.384375 0.0609375 0.0421875
5 0.6515625 0.38125 0.0734375 0.03125
5 0.43359375 0.1125 0.06640625 0.0609375
5 0.553125 0.096875 0.08515625 0.05703125
2 0.25546875 0.2609375 0.06796875 0.04375
2 0.253125 0.30078125 0.06875 0.04140625