5 0.1390625 0.34296875 0.06484375 0.046875
1 0.440625 0.8328125 0.0390625 0.04609375
1 0.409375 0.84765625 0.03046875 0.03828125
1 0.459375 0.915625 0.02578125 0.0359375
1 0.4140625 0.87109375 0.0203125 0.0390625
1 0.421875 0.9109375 0.01953125 0.0375
1 0.4359375 0.91171875 0.02578125 0.0453125
5 0.440625 0.56171875 0.08125 0.0578125
5 0.5359375 0.54296875 0.06875 0.0578125
5 0.525 0.60546875 0.07890625 0.0546875
5 0.60390625 0.5765625 0.0703125 0.05234375
5 0.59609375 0.68359375 0.07578125 0.0625
5 0.7125 0.73046875 0.071875 0.0609375
5 0.6734375 0.6515625 0.07265625 0.0609375
5 0.725 0.66484375 0.0578125 0.053125
3 0.13359375 0.9171875 0.078125 0.0703125