5 0.92265625 0.50703125 0.0828125 0.09375
5 0.09140625 0.496875 0.0640625 0.084375
5 0.153125 0.48984375 0.0703125 0.0921875
5 0.21484375 0.44453125 0.075 0.09375
5 0.30625 0.35859375 0.071875 0.0859375
5 0.3515625 0.44765625 0.0578125 0.0734375
5 0.39375 0.45 0.0546875 0.075
5 0.35859375 0.37890625 0.0578125 0.075
5 0.378125 0.29765625 0.0609375 0.0875
5 0.39765625 0.184375 0.0640625 0.0765625
5 0.40625 0.11640625 0.05625 0.06875
5 0.45078125 0.125 0.0640625 0.0765625
5 0.425 0.24765625 0.0671875 0.078125
5 0.46796875 0.20859375 0.0703125 0.08125
1 0.43515625 0.2984375 0.053125 0.0484375