5 0.5984375 0.11875 0.05625 0.071875
1 0.16171875 0.49375 0.053125 0.0453125
1 0.1421875 0.46484375 0.0421875 0.0375
1 0.0828125 0.525 0.0390625 0.0296875
1 0.1203125 0.4734375 0.0421875 0.0265625
1 0.08203125 0.4875 0.040625 0.025
1 0.08359375 0.50078125 0.0484375 0.03125
5 0.4296875 0.45078125 0.0703125 0.0890625
5 0.46328125 0.5421875 0.0671875 0.0765625
5 0.4 0.54140625 0.065625 0.0859375
5 0.440625 0.61484375 0.0640625 0.078125
5 0.33359375 0.6234375 0.0734375 0.084375
5 0.30546875 0.74609375 0.071875 0.08125
5 0.37734375 0.6953125 0.071875 0.08125
5 0.37265625 0.74765625 0.0609375 0.065625
3 0.03515625 0.203125 0.0703125 0.0875