3 0.47109375 0.08046875 0.09375 0.0875
5 0.88203125 0.48046875 0.0765625 0.0671875
5 0.85546875 0.53203125 0.078125 0.071875
5 0.78203125 0.5921875 0.071875 0.075
5 0.7078125 0.64609375 0.0609375 0.0640625
5 0.62265625 0.71171875 0.078125 0.071875
2 0.2734375 0.62734375 0.071875 0.0875
2 0.19921875 0.56171875 0.071875 0.071875
2 0.1453125 0.51328125 0.0828125 0.0609375
2 0.1265625 0.44921875 0.0828125 0.0734375
1 0.55703125 0.6015625 0.0515625 0.0484375
1 0.56015625 0.51328125 0.05625 0.04375
1 0.48125 0.4625 0.0546875 0.0609375
1 0.45390625 0.40234375 0.053125 0.0515625
1 0.50625 0.3578125 0.0375 0.046875