3 0.49453125 0.909375 0.10390625 0.0875
5 0.5546875 0.12578125 0.075 0.06640625
5 0.1640625 0.46171875 0.08046875 0.06875
5 0.23046875 0.403125 0.07109375 0.06171875
5 0.28984375 0.36015625 0.07890625 0.059375
5 0.35703125 0.30625 0.08203125 0.059375
5 0.41328125 0.27109375 0.0765625 0.05703125
5 0.465625 0.21953125 0.06796875 0.05859375
5 0.51640625 0.1859375 0.078125 0.0609375
1 0.359375 0.30703125 0.02890625 0.04296875
1 0.33046875 0.42421875 0.0421875 0.04609375
1 0.39375 0.44921875 0.0421875 0.03671875
1 0.42734375 0.33359375 0.02890625 0.0390625