2 0.71640625 0.70859375 0.078125 0.0625
2 0.2625 0.77421875 0.0921875 0.0625
3 0.2609375 0.115625 0.1 0.0796875
5 0.6421875 0.63984375 0.0890625 0.0734375
5 0.678125 0.83046875 0.0609375 0.0578125
5 0.63125 0.7703125 0.0671875 0.065625
5 0.60546875 0.83046875 0.0609375 0.0578125
5 0.5375 0.78203125 0.075 0.071875
5 0.5453125 0.7265625 0.071875 0.071875
5 0.46328125 0.74375 0.084375 0.0859375
5 0.47265625 0.68671875 0.0828125 0.06875
5 0.3703125 0.70390625 0.0859375 0.0734375
5 0.3765625 0.675 0.0828125 0.0734375