3 0.7734375 0.8359375 0.1078125 0.115625
5 0.53046875 0.55390625 0.090625 0.0953125
5 0.44765625 0.5046875 0.096875 0.1
5 0.55 0.41953125 0.0875 0.0953125
5 0.6515625 0.36953125 0.1015625 0.10625
5 0.5453125 0.3421875 0.0875 0.0921875
5 0.52890625 0.18125 0.0890625 0.09375
5 0.56171875 0.2078125 0.0828125 0.090625
2 0.54140625 0.0359375 0.0890625 0.071875
2 0.27421875 0.40546875 0.0796875 0.0859375
2 0.3125 0.428125 0.0859375 0.0921875
0 0.3796875 0.15703125 0.1046875 0.1078125
0 0.41796875 0.09296875 0.103125 0.1046875