3 0.1625 0.84921875 0.084375 0.0953125
1 0.815625 0.603125 0.0484375 0.04375
2 0.79296875 0.68046875 0.065625 0.08125
2 0.67578125 0.23125 0.06875 0.0890625
2 0.634375 0.2421875 0.065625 0.090625
5 0.86171875 0.33984375 0.0765625 0.0828125
5 0.9046875 0.4546875 0.06875 0.0796875
5 0.7984375 0.3859375 0.075 0.084375
5 0.83046875 0.440625 0.0703125 0.08125
5 0.76328125 0.4 0.078125 0.084375
5 0.765625 0.46953125 0.0703125 0.0828125
0 0.7953125 0.47265625 0.08125 0.0859375
0 0.8078125 0.53984375 0.09375 0.0890625