0 0.20625 0.41171875 0.1015625 0.1046875
2 0.07734375 0.72578125 0.075 0.084375
2 0.1109375 0.7453125 0.075 0.084375
5 0.2203125 0.65234375 0.0828125 0.0890625
5 0.32578125 0.48359375 0.0796875 0.084375
5 0.528125 0.434375 0.08125 0.0875
5 0.60234375 0.42421875 0.0859375 0.09375
5 0.3859375 0.596875 0.0890625 0.0984375
5 0.484375 0.64765625 0.084375 0.0875
5 0.24296875 0.72421875 0.075 0.0828125
5 0.2078125 0.73828125 0.0703125 0.075
5 0.465625 0.57109375 0.078125 0.08125
5 0.47578125 0.52890625 0.075 0.078125
3 0.734375 0.91015625 0.1046875 0.1109375