0 0.28359375 0.71796875 0.1 0.1046875
2 0.50078125 0.96875 0.0734375 0.0625
2 0.53359375 0.9578125 0.0734375 0.084375
5 0.503125 0.81796875 0.08125 0.0890625
5 0.40390625 0.64609375 0.078125 0.0828125
5 0.45546875 0.44453125 0.0796875 0.0875
5 0.48125 0.3734375 0.084375 0.0921875
5 0.53203125 0.64609375 0.0875 0.0984375
5 0.62265625 0.58359375 0.0828125 0.0875
5 0.57734375 0.83203125 0.0734375 0.0828125
5 0.5734375 0.86953125 0.06875 0.0734375
5 0.546875 0.5640625 0.0765625 0.08125
5 0.5140625 0.53515625 0.0734375 0.078125
3 0.96015625 0.48515625 0.0796875 0.1109375