2 0.21171875 0.6796875 0.0890625 0.065625
2 0.21328125 0.6390625 0.078125 0.0671875
2 0.3390625 0.49296875 0.0828125 0.084375
2 0.54140625 0.44296875 0.0734375 0.0703125
2 0.44609375 0.33359375 0.0734375 0.06875
3 0.63515625 0.0953125 0.121875 0.1078125
0 0.390625 0.775 0.1015625 0.0953125
0 0.32421875 0.76796875 0.1015625 0.0890625
0 0.26171875 0.74921875 0.1140625 0.1046875
0 0.2015625 0.7375 0.1078125 0.1109375
1 0.4453125 0.1390625 0.0609375 0.05625
1 0.4140625 0.109375 0.05625 0.059375
1 0.43046875 0.0421875 0.065625 0.0640625