0 0.22734375 0.571875 0.0921875 0.07265625
0 0.26796875 0.62890625 0.103125 0.078125
0 0.43671875 0.65234375 0.08984375 0.0703125
0 0.5203125 0.54921875 0.0890625 0.078125
3 0.6140625 0.92109375 0.11171875 0.0796875
1 0.50859375 0.890625 0.06640625 0.0625
1 0.56640625 0.8171875 0.065625 0.05625
1 0.4984375 0.7984375 0.078125 0.0734375
1 0.48046875 0.734375 0.0515625 0.040625
1 0.47109375 0.7078125 0.04609375 0.0484375
2 0.325 0.3046875 0.06640625 0.053125
2 0.2703125 0.56875 0.065625 0.0640625
2 0.30078125 0.6046875 0.0546875 0.05625
2 0.36640625 0.62265625 0.06640625 0.071875
2 0.45 0.5671875 0.0765625 0.0703125
5 0.32578125 0.34609375 0.065625 0.046875
5 0.3234375 0.38828125 0.0734375 0.05234375