3 0.84453125 0.23359375 0.1109375 0.1078125
1 0.51484375 0.11953125 0.0765625 0.0734375
1 0.50234375 0.203125 0.0765625 0.075
1 0.5640625 0.3203125 0.084375 0.0828125
1 0.59453125 0.4203125 0.06875 0.06875
1 0.53515625 0.53125 0.078125 0.075
1 0.48125 0.4421875 0.0640625 0.0625
1 0.42578125 0.396875 0.0765625 0.071875
2 0.4546875 0.76171875 0.103125 0.096875
2 0.4765625 0.725 0.10625 0.09375
2 0.078125 0.4859375 0.096875 0.090625
0 0.21171875 0.6546875 0.1109375 0.1078125
0 0.1453125 0.603125 0.1265625 0.11875
5 0.22265625 0.38984375 0.128125 0.125
5 0.21328125 0.24609375 0.0984375 0.09375
5 0.2859375 0.22890625 0.09375 0.090625
5 0.3609375 0.2453125 0.090625 0.0890625
5 0.7984375 0.553125 0.096875 0.0921875
5 0.84296875 0.63984375 0.0890625 0.0859375
5 0.83359375 0.69296875 0.084375 0.078125
5 0.75703125 0.7359375 0.1015625 0.0984375
5 0.68359375 0.73671875 0.1109375 0.1078125