5 0.48671875 0.34609375 0.07734375 0.05703125
5 0.74140625 0.34609375 0.08984375 0.0546875
5 0.66796875 0.64609375 0.075 0.0609375
5 0.75234375 0.66015625 0.075 0.06015625
5 0.73046875 0.72734375 0.07734375 0.0640625
5 0.8515625 0.675 0.06953125 0.065625
5 0.93984375 0.60625 0.0953125 0.059375
1 0.6265625 0.68984375 0.0609375 0.05078125
1 0.6328125 0.78203125 0.04765625 0.05
1 0.6515625 0.81875 0.0484375 0.059375
1 0.6671875 0.86796875 0.034375 0.0609375
1 0.6796875 0.9359375 0.03984375 0.053125
2 0.42265625 0.2703125 0.0875 0.053125
2 0.88671875 0.26171875 0.09375 0.06953125
3 0.5484375 0.91796875 0.115625 0.0703125