2 0.378125 0.1828125 0.0765625 0.0921875
2 0.41875 0.1921875 0.0765625 0.084375
2 0.5375 0.34375 0.09375 0.090625
2 0.54765625 0.5515625 0.0796875 0.08125
2 0.6734375 0.47890625 0.0765625 0.0796875
3 0.871875 0.709375 0.121875 0.13125
0 0.2515625 0.33984375 0.10625 0.1109375
0 0.27109375 0.2765625 0.1015625 0.1109375
0 0.30078125 0.21875 0.1171875 0.1234375
0 0.3234375 0.16171875 0.121875 0.1203125
1 0.8640625 0.515625 0.0640625 0.065625
1 0.89921875 0.490625 0.0640625 0.0625
1 0.96328125 0.51875 0.0703125 0.071875